Normal Matrix 

  2.900   6.310 -16.328   5.561   2.778   0.000   0.000   0.000   0.000   0.000   0.000   0.000   0.000   0.000 
  6.310  20.646 -22.023  -4.960  11.113   2.778   0.000   0.000   0.000   0.000   0.000   0.000   0.000   0.000 
-16.328 -22.023 124.949 -57.926 -22.005  11.116   2.778   0.000   0.000   0.000   0.000   0.000   0.000   0.000 
  5.561  -4.960 -57.926 130.698 -50.494 -21.574  11.117   2.778   0.000   0.000   0.000   0.000   0.000   0.000 
  2.778  11.113 -22.005 -50.494 140.507 -49.111 -21.573  11.117   2.778   0.000   0.000   0.000   0.000   0.000 
  0.000   2.778  11.116 -21.574 -49.111 140.851 -49.111 -21.573  11.117   2.778   0.000   0.000   0.000   0.000 
  0.000   0.000   2.778  11.117 -21.573 -49.111 140.851 -49.111 -21.573  11.117   2.778   0.000   0.000   0.000 
  0.000   0.000   0.000   2.778  11.117 -21.573 -49.111 140.851 -49.111 -21.573  11.117   2.778   0.000   0.000 
  0.000   0.000   0.000   0.000   2.778  11.117 -21.573 -49.111 140.752 -49.774 -21.889  11.111   2.778   0.000 
  0.000   0.000   0.000   0.000   0.000   2.778  11.117 -21.573 -49.774 134.456 -54.822 -22.222  11.111   2.778 
  0.000   0.000   0.000   0.000   0.000   0.000   2.778  11.117 -21.889 -54.822 125.353 -59.990  -5.143   5.561 
  0.000   0.000   0.000   0.000   0.000   0.000   0.000   2.778  11.111 -22.222 -59.990 121.747 -22.376 -16.328 
  0.000   0.000   0.000   0.000   0.000   0.000   0.000   0.000   2.778  11.111  -5.143 -22.376  20.603   6.310 
  0.000   0.000   0.000   0.000   0.000   0.000   0.000   0.000   0.000   2.778   5.561 -16.328   6.310   2.900 


Normal Matrix (as stored) 

+2.900E+000 +6.310E+000 -1.633E+001 +5.561E+000 +2.778E+000 
+2.065E+001 -2.202E+001 -4.960E+000 +1.111E+001 +2.778E+000 
+1.249E+002 -5.793E+001 -2.200E+001 +1.112E+001 +2.778E+000 
+1.307E+002 -5.049E+001 -2.157E+001 +1.112E+001 +2.778E+000 
+1.405E+002 -4.911E+001 -2.157E+001 +1.112E+001 +2.778E+000 
+1.409E+002 -4.911E+001 -2.157E+001 +1.112E+001 +2.778E+000 
+1.409E+002 -4.911E+001 -2.157E+001 +1.112E+001 +2.778E+000 
+1.409E+002 -4.911E+001 -2.157E+001 +1.112E+001 +2.778E+000 
+1.408E+002 -4.977E+001 -2.189E+001 +1.111E+001 +2.778E+000 
+1.345E+002 -5.482E+001 -2.222E+001 +1.111E+001 +2.778E+000 
+1.254E+002 -5.999E+001 -5.143E+000 +5.561E+000 +0.000E+000 
+1.217E+002 -2.238E+001 -1.633E+001 +0.000E+000 +0.000E+000 
+2.060E+001 +6.310E+000 +0.000E+000 +0.000E+000 +0.000E+000 
+2.900E+000 +0.000E+000 +0.000E+000 +0.000E+000 +0.000E+000 


Diagonal of Inverse Normal Matrix 

 23.884 
  1.166 
  0.215 
  0.018 
  0.017 
  0.014 
  0.014 
  0.014 
  0.016 
  0.027 
  0.025 
  0.402 
  1.725 
 38.884 


Normal Vector 

  0.0773 
 -4.0646 
-11.7948 
 -4.6919 
  0.1393 
  3.0801 
  3.8084 
  8.8900 
 12.6680 
  5.3063 
 -0.1292 
 -2.2013 
 -2.8233 
 -0.6725 


Parameter Vector 

 -3.3124 
  0.1170 
 -0.6305 
 -0.2063 
 -0.0724 
  0.1144 
  0.2379 
  0.3306 
  0.3582 
  0.1741 
  0.1520 
 -0.8971 
  1.6261 
 -9.2782 


Estimated Observation 

 -0.5791 
 -0.5327 
 -0.4917 
 -0.4557 
 -0.4246 
 -0.3980 
 -0.3757 
 -0.3575 
 -0.3430 
 -0.3320 
 -0.3243 
 -0.3196 
 -0.3175 
 -0.3179 
 -0.3205 
 -0.3251 
 -0.3313 
 -0.3388 
 -0.3476 
 -0.3572 
 -0.3674 
 -0.3779 
 -0.3885 
 -0.3989 
 -0.4089 
 -0.4182 
 -0.4265 
 -0.4335 
 -0.4391 
 -0.4432 
 -0.4458 
 -0.4470 
 -0.4469 
 -0.4456 
 -0.4431 
 -0.4395 
 -0.4349 
 -0.4294 
 -0.4230 
 -0.4158 
 -0.2042 
 -0.1960 
 -0.1881 
 -0.1804 
 -0.1730 
 -0.1658 
 -0.1588 
 -0.1521 
 -0.1455 
 -0.1390 
 -0.1328 
 -0.1266 
 -0.1205 
 -0.1146 
 -0.1087 
 -0.1029 
 -0.0971 
 -0.0914 
 -0.0857 
 -0.0799 
 -0.0742 
 -0.0684 
 -0.0625 
 -0.0566 
 -0.0506 
 -0.0445 
 -0.0384 
 -0.0323 
 -0.0261 
 -0.0199 
 -0.0136 
 -0.0073 
 -0.0010 
  0.0053 
  0.0116 
  0.0179 
  0.0242 
  0.0305 
  0.0368 
  0.0431 
  0.0493 
  0.0555 
  0.0617 
  0.0678 
  0.0739 
  0.0799 
  0.0859 
  0.0918 
  0.0976 
  0.1033 
  0.1090 
  0.1146 
  0.1200 
  0.1255 
  0.1308 
  0.1360 
  0.1412 
  0.1463 
  0.1514 
  0.1563 
  0.1612 
  0.1660 
  0.1708 
  0.1755 
  0.1801 
  0.1847 
  0.1892 
  0.1936 
  0.1980 
  0.2024 
  0.2067 
  0.2109 
  0.2151 
  0.2192 
  0.2233 
  0.2274 
  0.2314 
  0.2353 
  0.2392 
  0.2431 
  0.2469 
  0.2507 
  0.2544 
  0.2581 
  0.2617 
  0.2653 
  0.2688 
  0.2723 
  0.2757 
  0.2790 
  0.2823 
  0.2855 
  0.2886 
  0.2917 
  0.2947 
  0.2976 
  0.3005 
  0.3033 
  0.3060 
  0.3086 
  0.3112 
  0.3137 
  0.3160 
  0.3183 
  0.3206 
  0.3227 
  0.3247 
  0.3266 
  0.3284 
  0.3301 
  0.3317 
  0.3331 
  0.3344 
  0.3356 
  0.3366 
  0.3374 
  0.3380 
  0.3385 
  0.3388 
  0.3389 
  0.3388 
  0.3385 
  0.3380 
  0.3373 
  0.3363 
  0.3351 
  0.3337 
  0.3320 
  0.3301 
  0.3279 
  0.3254 
  0.3226 
  0.3196 
  0.3163 
  0.3128 
  0.3090 
  0.3050 
  0.3008 
  0.2965 
  0.2920 
  0.2874 
  0.2826 
  0.2778 
  0.2728 
  0.2678 
  0.2628 
  0.2577 
  0.2527 
  0.2476 
  0.2426 
  0.2376 
  0.2327 
  0.2279 
  0.2232 
  0.2186 
  0.2141 
  0.2098 
  0.2057 
  0.2018 
 -0.3583 
 -0.3414 
 -0.3201 
 -0.2942 
 -0.2637 
 -0.2295 
 -0.1924 
 -0.1533 
 -0.1129 
 -0.0722 
 -0.0319 
  0.0071 
  0.0440 
  0.0779 
  0.1080 
  0.1335 
  0.1534 
  0.1671 
  0.1736 
  0.1721 
  0.1618 
  0.1418 
  0.1112 
  0.0694 
  0.0153 
 -0.0518 
 -0.1327 
 -0.2283 
 -0.3395 
 -0.4671 
 -0.6118 


Grid Values Vector 

 -2.1887 
 -0.5791 
 -0.4352 
 -0.2547 
 -0.0636 
  0.1038 
  0.2328 
  0.3198 
  0.3229 
  0.2011 
 -0.0191 
 -0.3017 
 -0.6118 
 -5.9145 


Diagonal of Parameters Covariance Matrix 

 24.988 
  1.220 
  0.225 
  0.019 
  0.017 
  0.015 
  0.014 
  0.015 
  0.016 
  0.028 
  0.026 
  0.421 
  1.804 
 40.680 


Sigma Zero : 1.046206 
