xMin   :  0.0000000E+000 
xMax   :  1.8000000E+003 
deltaX :  7.8260870E+001 
digits :  8 
