xMin   : -1.6363640E+002 
xMax   :  1.9636364E+003 
deltaX :  1.6363637E+002 
digits :  8 
