xMin   :  0.0000000E+000 
xMax   :  1.8000000E+003 
deltaX :  4.5000000E+002 
digits :  8 
