t = [1,2,3];
y0 = [5.2, 5.4, 6.6];
